0.0074171140732733854
0.003006389415701238
0.0029693389641977214
0.0029526302110809127
0.0028728827861791064
0.0025722898971637827
0.00239454731962911
0.0022912332716628144
0.002451319795665223
0.002270615308762435
0.002084959915175653
0.0019958334371240633
0.0019336571540013508
0.0018799759270499647
0.0018317856473866044
0.0018532246481371888
0.00196497256564173
0.0017637669209514028
0.0017154355027796532
0.0016786647667901148
0.0016493874718185755
0.0016243615200737494
0.0016059639579106475
0.0015896574171873346
0.0015748829442734282
0.001526153427044013
0.0015287785146694765
0.0014367905847123684
0.0014530045694365564
0.001367725716548991
0.0013065284282497303
0.0012717573436975317
0.0013455813621625244
0.0015481622895389725
0.001288946211023125
0.0012215644185304031
0.0011822068568730817
0.0011562666792316674
0.0011230259056864156
0.0010987257346679517
0.0010715926113551344
0.0010445890106687938
0.001029083286896473
0.0010146306204510762
0.0010374111290317597
0.001281849210988105
0.0011544061026944339
0.0010258062661793145
0.0009678729028875487
0.0009375056174749836
0.0009065115894061303
0.0008894988009363693
0.0008762076008974746
0.0008627634366281229
0.0008326270864322525
0.0008226894291806538
0.0008301186970462745
0.0007903754202168641
0.000922907149765891
0.0009130830099457359
0.0008238065975457408
0.000788730003597864
0.0007613511996955615
0.0007410731142530157
0.0007258912684537143
0.0007355134138596347
0.0007000067193826066
0.00070648529511235
0.0006746899155844293
0.0006699545170339688
0.0006583594465835729
0.0006408718392561723
0.0006822453515681139
0.0006552989532781798
0.0006373112749092373
0.0007856147291286253
0.000661843852535652
0.0006236843323175065
0.000600747361303245
0.0006004985236858291
0.0005922030756806184
0.0005782385312571885
0.0005810821068777173
0.0005595854732034936
0.0005468815460646326
0.0005830040913086246
0.0005964241433017196
0.000562286283992091
0.0005477603813626008
0.0005273754672994075
0.000587453368551711
0.0006511881857749762
0.0005642887927248955
0.000516947973680148
0.0004980159448596724
