0.005334000955369708
0.0028721706212744146
0.002867886207817732
0.0028593765358132972
0.0028398640214568095
0.0028024395161703195
0.0027593192731192664
0.0027196325767544867
0.0026892099063909984
0.002661324203072623
0.0026364893038155635
0.002606267613940889
0.0025780812119906836
0.002549427665392897
0.0025174019601040187
0.0024877878360255574
0.002456219069868237
0.0024297409478134
0.0024038141618405503
0.0023793020562549267
0.0023574965702965332
0.002331698248656255
0.002311115288250781
0.0022878729331414966
0.002264655563589619
0.0022484201839967433
0.0022286358812732662
0.002209570054285357
0.002191663417928203
0.0021772290075015087
0.002159241422815066
0.0021456297809419288
0.0021337310131386562
0.0021183342772559785
0.002102988194057184
0.0020898425059309796
0.0020766828758273697
0.0020593864121185076
0.002049143008335065
0.0020365631184550664
0.002022823218133087
0.0020135415432165856
0.001998602552678557
0.001988826285230878
0.0019758951398870504
0.001965774658182483
0.0019517617872537808
0.0019404903450810822
0.001927452790680552
0.0019252019077640515
0.001908486615972814
0.0018964207724504643
0.0018868959341702234
0.0018791362922385975
0.0018686964605152544
0.0018563916347229352
0.0018452577754457784
0.0018386672423213856
0.0018267191077057099
0.0018166284595260947
0.0018083611433590413
0.0017985221534538133
0.0017855869174986656
0.0017765602266143858
0.001766142907566252
0.001761761429364812
0.0017534372398163526
0.0017517073909363344
0.0017355648729847522
0.0017232184928571788
0.0017157711136566698
0.0017043081683128132
0.0016999386233551178
0.0016919414520925426
0.001689351442233808
0.0016797805147735724
0.0016664060448730842
0.0016582632328064585
0.0016549258426325983
0.0016477117203888842
0.0016381807517273346
0.0016304754756346364
0.0016270254205475614
0.0016159266129712726
0.0016145846165392687
0.001598469167352643
0.001599673084307855
0.0015857686811069185
0.0015790022291375001
0.0015728595856529016
0.0015639442821554217
0.0015662760747512572
0.001558509001522452
0.0015170607992728386
0.0015056146095066255
0.0015012289947627599
0.0014974769448657208
0.0014935463951712023
0.0014933134224120856
0.001488646410390874
0.0014867204074453556
0.0014875113302493352
0.0014864038913575239
0.001486668284932838
0.0014862619023506775
