0.007399983970600248
0.002970727294858736
0.0029454961153193853
0.002921200524744295
0.002830501600587162
0.0025855363213314734
0.002422829165087363
0.0023153198565558975
0.002227041333611652
0.0021528092307862737
0.0020764447798132983
0.0020009371333074783
0.0019274717028258499
0.0018728104000824673
0.001818580633709847
0.0017713297292599184
0.0017294956683679271
0.0016882284451980906
0.0016574559047845847
0.0016260088009503913
0.0016025825401037447
0.0015734966230608908
0.001536187085526642
0.0014931243679024875
0.0014495689641789622
0.0014073791981745348
0.0013683722206853798
0.0013305511657638266
0.0012868594357087692
0.0012521032703544093
0.001218894061735654
0.0011932229352133504
0.0011598751317185973
0.0011299521654382014
0.0011028741001558847
0.001077310291288348
0.0010551278747436802
0.0010314105585864867
0.0010005955081781488
0.0009771106615659914
0.0009531018087276281
0.0009318345316231446
0.0009128893942429346
0.0008814190572069716
0.0008635398118639548
0.0008648349299919705
0.0008422608580018042
0.0008170550813063671
0.0008032695964397949
0.0007890637083589237
0.0007664848834884093
0.0007547483426221109
0.0007372067352672011
0.0007167765382952871
0.0007092300484542218
0.0007055412534864117
0.0007002240390519211
0.0006788977990664359
0.0006691608186563184
0.0006615720414940236
0.0006580604481174754
0.0006471272858379585
0.0006227900261746558
0.0006109587660505644
0.0005971970366422174
0.0006030028919140378
0.0005907754684715568
0.0005793785948489049
0.0005729906497770948
0.000563961290874068
0.0005500611715092824
0.0005465225185107774
0.0005398698027897214
0.0005270545621727454
0.0005205923305690346
0.0005184942263382798
0.0005219115023251198
0.0005139686085052888
0.0004997659849366217
0.0004935376520285442
0.0004823331385878169
0.0004774581800387766
0.00047168611348293455
0.0004815561492374736
0.00047110215233532224
0.00046604055626190587
0.0004642010437248241
0.00044822155556117676
0.00044185122733758305
0.00045193033618297265
0.00043917767997256194
0.0004332363002850909
0.0004199626414776492
0.00041665502064903916
0.0004155617222125337
0.00040427240368835126
0.0003919267063641525
0.0003954017140065612
0.00038999755452381716
0.0003854574420149318
0.00038028645516559003
0.0003791350130192982
0.00037196385902587355
0.0003647279692448034
0.000369417314322839
0.00036156467094098613
0.0003663527014976234
0.0003726286507326262
0.0003911920155352134
0.0003790871440380435
0.00035470921668603986
