0.00685110902814023
0.003053206743661319
0.0029812688738393343
0.0029701698110237403
0.002963319262125286
0.0029464974173831547
0.002904602598947371
0.0026619716393960157
0.0024814176579050834
0.0023649801087144012
0.002292093943452613
0.0022054040228596107
0.0021408746305530764
0.002088704454414275
0.002014880460386027
0.001958560474830284
0.0019235554646687854
0.0019987995294311715
0.001864712722118086
0.0018206757277409345
0.001801513919836078
0.0017348242655710847
0.0017249212299336471
0.00175952040180407
0.0029464408687610985
0.0019867616578525373
0.0019480194080904005
0.001818749838235107
0.0017622139393945768
0.0017228200769530137
0.0016931230061016332
0.0016745477439374195
0.0016511019276273914
0.0016244796183392221
0.0015943841760851496
0.0015640214975309156
0.0015289985618202832
0.001485349697572359
0.001462718968848321
0.0014279197403808941
0.0013863075860432496
0.0014890250460967245
0.001380752710751603
0.001391304982686475
0.001315643919338465
0.0013468198313282178
0.0012728071177898815
0.0012467437349690737
0.0012384453731979076
0.0012227644912033314
0.0011981694447295561
0.0012002616134828203
0.0012298392895414977
0.0011679419782910378
0.0011453336930380132
0.0011982047697063735
0.0011602165284188227
0.001452087879767523
0.001249585311190113
0.0011662303486997992
0.00120807738023353
0.001141344109836976
0.0011360824817487568
0.0011100516944367496
0.0011075748240129148
0.0011134228445552306
0.001082786893076832
0.0014871122559162015
0.0013618363554347543
0.0012492290084247213
0.0011810588247082754
0.0011641250408076225
0.0011198289658522916
0.0010944127795090583
0.0010753476587596945
0.001065802002434306
0.0010830748200518435
0.0010273773312098149
0.00103008813899586
0.0011321119745189487
0.0010945004505031773
0.0010181618614358194
0.001015284249311552
0.0011293460559389829
0.001009350560507646
0.0009969482112912095
0.0009753752049517754
0.0009579607529261679
0.0011233306019701936
0.0021920968819259066
0.0015266113838911808
0.0013175638948694749
0.0011966245530651146
0.001148015977042127
0.0010927952063164452
0.0010643335013969133
0.001027244722106118
0.001058024254686839
0.001032503907833135
0.0009828311887456818
0.0009792789145560722
0.0009794090158097536
0.0009504699226252428
0.0009295302075823959
0.000916843528820551
0.0008993940352760527
0.000885909324105338
0.0008802210288589088
0.0008631898495195108
0.0008536021846180188
0.000856991691486124
0.0008763327390233734
0.0008560464022563156
0.0008312295133039977
0.000825260446069973
0.000808929817690008
0.000823272723479426
0.0008091058368088049
0.0008304505998800147
0.0008468946200666074
0.0008282972671184383
0.0007969746071156809
0.0007751943205029632
0.0007739733019491277
0.000763933786693612
0.0007680516851797017
0.0009366904148201861
0.0008479318688394866
0.0007953581521867393
0.0007727829092276641
0.0008508111070296296
0.0008486941875444384
0.000804045632944111
0.0007907354399939837
0.000756208752279304
0.0007421627779731025
0.0007579086801192391
0.0007346319953317742
0.0007118332270918115
0.0007151859443825987
0.0006950585708257774
0.0007263341290114507
0.0006994891409013076
0.000695447322512749
0.0006973732653887594
0.0007125610040425489
0.0007499605938735043
0.0007136495340722301
0.0007097083712252014
0.0007170861043568206
0.0006968172737411882
0.0006782825593344546
0.0006694926358949577
0.0006857862148369291
