0.007644809850628695
0.0028823892784485914
0.002859283926834645
0.002835829846549518
0.002802939108891675
0.002761427909079963
0.0027235074619217743
0.002694862501465149
0.0026718034465772907
0.002651044255251276
0.0026306594971260986
0.002603672047881227
0.00257289147140267
0.002540522286023157
0.0025093280523762747
0.002478948193028416
0.0024559789132880074
0.002433657784188624
0.0024124209810429753
0.0023880216685554225
0.0023665318804030103
0.0023481665339983716
0.002329581359259845
0.002312692156708921
0.0022950505923044124
0.0022789739420022814
0.002263961777743471
0.002248633612297325
0.0022347746121025667
0.0022218678597832695
0.002207529560104119
0.002195972267298397
0.0021838043822970613
0.0021716685449726073
0.002160940785193716
0.002150375592537883
0.0021383793919924265
0.0021278935450143974
0.0021164068140902873
0.002108287716338388
0.002098566303331542
0.0020879633023438027
0.0020801086320461873
0.0020707356313959787
0.0020620736109504298
0.0020527974848705845
0.0020446928906092624
0.002034950022805521
0.0020286054290590645
0.0020202392853436615
0.0020148581856116706
0.0020068776870246666
0.0019991096503397987
0.0019934871501640266
0.0019872037324281475
0.001980755345204476
0.0019758803597126782
0.001970775583824115
0.0019654539382763713
0.0019615252254769904
0.001956325356556494
0.00195245233611231
0.0019506194914568667
0.001946976164709758
0.001943162446094199
0.0019404922699152532
0.0019366386982772033
0.0019340792382060183
0.0019317363580274175
0.0019319196415919606
0.0019303275986135592
0.0019273463698210682
0.0019271309142348473
0.0019260312886347436
0.0019238321273185352
0.0019226547293680187
0.0019229998131408037
0.001923168219598554
0.0019228509515571786
0.0019215477115861507
0.0019208890738745816
0.0019208801983491674
0.0019218833906034505
0.001921034344304026
0.0019209655900433284
0.0019192959053596682
0.0019202536504886439
0.0019184212492520632
0.0019174803378983138
0.0019188842553457591
0.0019188257998430588
0.0019166558459059349
0.0019148743752838053
0.0019157418388761362
0.0019140772572330898
0.0019123705651442992
0.0019100118444693372
0.0019081956642108947
0.0019073135727166962
0.0019038296140567869
0.0019022321401864256
0.0019006419583902936
0.0018980858552130131
0.0018935169908666923
0.0018902734641575401
0.0018869115554174512
0.0018824411304409594
0.0018789673308838826
0.0018754454733763705
0.0018692927389790937
0.00186481417753079
0.001860994777771057
0.0018549756046959617
0.0018513399301575291
0.0018444415384351114
0.00183905919914509
0.001833132131369105
0.001827456597190238
0.0018205109369572277
0.0018184651433104948
0.0018095412320278796
0.0018025650227221355
0.0018002793108781113
0.001790185630597189
0.0017833939726409527
0.0017781909867887352
0.001769558199272799
0.001761342328188479
0.0017540137867558831
0.0017448013013234892
0.001736174623326199
0.0017336161213748898
0.0017311513897128095
0.0017167774860124903
0.0017124355218111117
0.0017037260826271734
0.0016921997216700238
0.0016897157422480615
0.0016773300842093028
0.0016761321260961015
0.0016702488200248562
0.0016592098402490303
0.0016483528655139147
0.0016412819466003984
0.001635503631722707
0.0016390304181548708
0.0016266420265586812
0.0016157144202390483
0.0016152420284571776
0.0016067609285762075
0.0015919937880488474
0.0015786778156922346
0.0015668863696165199
0.0015585992703752627
0.001551971238351322
0.001549093216421184
0.001545439938399938
0.0015360245522160593
0.0015231550369407983
0.0015230435794188787
0.0015204537393040897
0.0014988926228705817
0.00148846403037081
0.00149119267327341
0.001488473969509693
0.0014771905860141627
0.001468003942389411
0.0014643438420612613
0.0014581439688177516
0.0014519849733108934
0.0014411794803801227
0.0014303401220942564
0.0014268366326071937
0.0014095339585407105
0.0014017974236125226
0.0013887663744064187
0.0013880537983825888
0.0013742765415092556
0.001365445881309851
0.0013583973446258735
0.0013525626063519748
0.0013591002271582874
0.001361124846216131
0.0013421689307686316
0.00133248080094053
0.0013248570444649899
0.001320153615609935
0.0013111909109452483
0.0012992819874802363
0.0012919831851337174
0.001286640523021367
0.0012805294185968875
0.0012731386169103137
0.0012657606631830466
0.0012616951825117418
0.0012561436564837508
0.0012486193991680717
0.0012448047331050113
0.0012382156426296081
0.0012304522962370995
0.0012249565172893148
0.0012216376797746275
0.0012152568922336497
0.0012100518852797863
0.0012054767034697586
0.0012009556649247985
0.0011956595849331167
0.001190942984356823
0.0011869365303264752
0.001182067676994715
0.0011779870047306743
0.0011740763182695314
0.0011732735648228877
0.00116816581779189
0.0011647767320669751
0.0011625926956660992
0.0011583561450482377
0.0011563204986350612
0.0011525841625456544
0.001150868631653061
0.001151237176911695
0.0011468331510755395
0.0011439851977285643
0.0011423010618024146
0.0011405099640836706
0.0011377905698073676
0.0011361293694783466
0.0011357363140816674
0.0011349531779050834
0.0011328832585585076
0.0011334833303698105
0.0011303476144389588
0.0011314259558339184
0.001130147357510519
0.0011292377816770913
0.0011296332758941384
0.0011293020822330149
0.0011277331706781729
0.001126453954637089
0.0011279387376114927
0.0011268436521424455
0.0011274765597073346
0.001126955493686977
0.001127043816144761
0.0011265184145305622
0.0011269531469947991
0.0011277565193394052
0.0011282258320914446
0.0011266321791305353
0.001126078541157069
0.0011277582264039466
0.0011272244174524134
0.0011259961406700713
0.0011255250502695327
0.0011262641618551995
0.0011275041606779927
0.0011237537109721402
0.0011255427119184478
0.0011250809004657181
0.0011247086015901103
0.0011249232502982944
0.0011235102818962057
