0.004731217440964866
0.002866154317904328
0.0028491538370342792
0.002819643355440548
0.002760717094878931
0.002698811820624299
0.0026598005407885744
0.0026262673092470067
0.002591615073484192
0.002557585562577871
0.002526837664510186
0.0024930856376274616
0.002463484530653802
0.002433532519174513
0.0024056356778206374
0.002380096788930264
0.0023552172346973923
0.002329614275255721
0.002307995440311784
0.0022874183853199555
0.0022652862150278983
0.0022446811269007504
0.0022256170150398457
0.002206820035863981
0.0021877306204687633
0.002173023253598684
0.002156937884565272
0.0021421346200294136
0.0021248834885100407
0.00211320361706976
0.0020984497689512348
0.002087833339157729
0.0020721995531868998
0.0020610557291372137
0.002051127343020315
0.0020383621369373236
0.002027172677416536
0.0020148737531811784
0.0020063018060446115
0.0019939177432930673
0.0019856048767180564
0.0019732476500338137
0.0019667823951891937
0.0019568607226606205
0.0019476916059335914
0.0019388640940845795
0.0019309965347672764
0.0019233675914347506
0.0019180867529067119
0.001908981515958136
0.0019029422504263506
0.0018974699387826876
0.0018889622702089744
0.0018847223683159974
0.001877912807402148
0.0018726787272219413
0.0018671011460551893
0.0018645944592786184
0.0018581452457937509
0.0018544812930377358
0.0018493372901561842
0.0018473106204232462
0.0018436892893230249
0.0018408642208710894
0.0018382155703057274
0.001835131216738397
0.0018321725812291253
0.0018303883776812629
0.0018306009124447946
0.0018273242243416537
0.0018268705326872294
0.0018244815400721673
0.00182311511768421
0.0018231748870359693
0.0018206828898183313
0.0018207933062518089
0.0018184921795928667
0.001819543512799399
0.0018190080128417565
0.0018196396738833116
0.001817272105461031
0.0018187013252957587
0.001817391862399641
0.0018194131545027485
0.0018162642251585792
0.00181754995942702
0.001815272250567012
0.0018169772542097333
0.0018178300425893286
0.0018163443150931837
0.0018149863440785718
0.001814675958754393
0.001814697109022903
0.0018132192962060202
0.0018124279610527536
0.0018113545708414941
0.001810293148850109
0.0018093376166927843
0.001806641479265373
0.0018055353023735006
0.0018044824592919955
0.0018028920348905218
0.0017988531876610217
0.0017981914411466897
0.0017956568718781873
0.0017927361974387874
0.001792138933941406
0.001787043747962384
0.0017854876841507416
0.0017838154506481154
0.0017802594488907691
0.0017748640079315106
0.0017724308577696916
0.0017717959340570002
0.0017674609424069463
0.001764215253760705
0.0017583993477222866
0.0017559951484700984
0.0017482307470252935
0.0017465780808719484
0.0017391896301996977
0.0017346042068169803
0.0017295065890826358
0.0017266169088138192
0.0017220319058594757
0.0017146849263378055
0.0017164164913422465
0.0017079699701199626
0.0017027309835567542
0.001698871646891664
0.001692162781108533
0.0016820900434502853
0.0016852061688751312
0.001681295844842497
0.001672102687013308
0.00166483480910122
0.0016578490850912635
0.0016504142381505932
0.0016423751546625076
0.0016358683568698238
0.0016322851213080643
0.0016207099443793086
0.001622864195264293
0.0016182686569311197
0.0016047365503948474
0.0016047000338690598
0.001596110472527435
0.0015975433557792885
0.0015842507375697082
0.0015747324656588736
0.0015695025192449454
0.0015575038991791628
0.001551300283872106
0.001545918411938983
0.001540367921014925
0.0015316335894490587
0.0015234157111936992
0.001516914839145367
0.001512586603872877
0.0015057939262726886
0.001506882826519052
0.001495984211454614
0.0014906370030105909
0.001480118821448349
0.0014650570145910162
0.001461089961021297
0.0014593418355508267
0.001455398605263767
0.0014465663785194146
0.001440063239738593
0.0014291827055545425
0.0014159685357786448
0.0014121546696781884
0.001408213228543184
0.001397954869438742
0.0013945045517314682
0.00138414291451577
0.0013848943399599478
0.001378207807084028
0.001372745308954432
0.0013602896172999611
0.0013546759457543267
0.0013453036023528086
0.0013348519530862264
0.0013291754318956047
0.0013211140629607882
0.0013128669401558945
0.0013060058824598043
0.001300234068637254
0.0012978095887488175
0.0012942234392964254
0.001284985543373245
0.0012795462070884617
0.0012748444511363763
0.0012681275638006281
0.0012610699442944975
0.0012583479903938652
0.0012577735729753336
0.0012485760303962124
0.0012426237253477263
0.0012384802594104806
0.0012327839494936192
0.0012285984988850583
0.0012225166648432428
0.0012174142453716846
0.0012141761345101016
0.001209917290599153
0.0012048953403470744
0.0012008834422754708
0.0011964826826014153
0.0011940529555288187
0.0011898770580084455
0.0011879212578938664
0.001182660106039567
0.0011806102755423525
0.0011772887232050716
0.0011754674582917567
0.001171715478047752
0.0011680527502874623
0.001167621579403958
0.0011638822550497716
0.0011609424871510776
0.0011610995086292174
0.0011586186323247346
0.0011572689632037352
0.0011555538014057286
0.0011536612687712234
0.0011517367347899101
0.001150755681627868
0.0011521139913324362
0.001148374998752774
0.0011488771721439822
0.001147392152000166
0.001146643120409421
0.0011470778886809696
0.0011470423816919632
0.0011458180675521922
0.0011460421721834126
0.0011442850656939348
0.0011449288329980361
0.0011458377172549655
0.001144447756463596
0.0011443288234588731
0.0011442899946352103
0.0011446449966842154
0.0011445134945650532
0.0011442682377868518
0.0011439068120491069
0.0011431002674659432
0.0011434982382722584
0.0011447982810194044
0.0011451842512396262
0.001144231141611506
0.00114415075246808
0.001142825309586673
0.0011442067765479306
